385.07	0
392.507	0.002
395.018	0.004
396.741	0.006
398.034	0.008
399.096	0.01
400.026	0.012
400.873	0.014
401.668	0.016
402.407	0.018
403.073	0.02
403.693	0.022
404.275	0.024
404.819	0.026
405.339	0.028
405.84	0.03
406.321	0.032
406.778	0.034
407.215	0.036
407.634	0.038
408.036	0.04
408.426	0.042
408.808	0.044
409.182	0.046
409.551	0.048
409.913	0.05
410.266	0.052
410.61	0.054
410.947	0.056
411.279	0.058
411.604	0.06
411.921	0.062
412.228	0.064
412.529	0.066
412.826	0.068
413.12	0.07
413.412	0.072
413.706	0.074
414.002	0.076
414.296	0.078
414.582	0.08
414.863	0.082
415.137	0.084
415.406	0.086
415.669	0.088
415.923	0.09
416.175	0.092
416.423	0.094
416.671	0.096
416.916	0.098
417.16	0.1
417.404	0.102
417.641	0.104
417.877	0.106
418.114	0.108
418.351	0.11
418.586	0.112
418.82	0.114
419.053	0.116
419.284	0.118
419.513	0.12
419.737	0.122
419.959	0.124
420.176	0.126
420.392	0.128
420.606	0.13
420.82	0.132
421.032	0.134
421.245	0.136
421.457	0.138
421.669	0.14
421.88	0.142
422.089	0.144
422.296	0.146
422.5	0.148
422.704	0.15
422.905	0.152
423.105	0.154
423.305	0.156
423.505	0.158
423.704	0.16
423.904	0.162
424.101	0.164
424.299	0.166
424.492	0.168
424.685	0.17
424.876	0.172
425.065	0.174
425.253	0.176
425.439	0.178
425.624	0.18
425.808	0.182
425.991	0.184
426.173	0.186
426.354	0.188
426.534	0.19
426.712	0.192
426.89	0.194
427.069	0.196
427.248	0.198
427.427	0.2
427.607	0.202
427.787	0.204
427.968	0.206
428.15	0.208
428.332	0.21
428.513	0.212
428.695	0.214
428.877	0.216
429.059	0.218
429.238	0.22
429.416	0.222
429.592	0.224
429.765	0.226
429.937	0.228
430.109	0.23
430.281	0.232
430.453	0.234
430.625	0.236
430.797	0.238
430.97	0.24
431.142	0.242
431.315	0.244
431.489	0.246
431.663	0.248
431.838	0.25
432.014	0.252
432.191	0.254
432.369	0.256
432.547	0.258
432.721	0.26
432.894	0.262
433.066	0.264
433.237	0.266
433.408	0.268
433.578	0.27
433.749	0.272
433.92	0.274
434.093	0.276
434.266	0.278
434.44	0.28
434.614	0.282
434.788	0.284
434.962	0.286
435.136	0.288
435.308	0.29
435.48	0.292
435.651	0.294
435.821	0.296
435.99	0.298
436.162	0.3
436.334	0.302
436.507	0.304
436.681	0.306
436.856	0.308
437.032	0.31
437.209	0.312
437.384	0.314
437.558	0.316
437.732	0.318
437.903	0.32
438.073	0.322
438.241	0.324
438.407	0.326
438.573	0.328
438.739	0.33
438.906	0.332
439.073	0.334
439.241	0.336
439.409	0.338
439.576	0.34
439.744	0.342
439.911	0.344
440.078	0.346
440.244	0.348
440.412	0.35
440.581	0.352
440.749	0.354
440.919	0.356
441.089	0.358
441.257	0.36
441.424	0.362
441.591	0.364
441.756	0.366
441.922	0.368
442.087	0.37
442.252	0.372
442.417	0.374
442.582	0.376
442.747	0.378
442.913	0.38
443.08	0.382
443.247	0.384
443.415	0.386
443.583	0.388
443.751	0.39
443.921	0.392
444.091	0.394
444.261	0.396
444.431	0.398
444.601	0.4
444.772	0.402
444.943	0.404
445.114	0.406
445.287	0.408
445.459	0.41
445.63	0.412
445.8	0.414
445.969	0.416
446.136	0.418
446.304	0.42
446.471	0.422
446.637	0.424
446.802	0.426
446.967	0.428
447.132	0.43
447.296	0.432
447.46	0.434
447.625	0.436
447.794	0.438
447.965	0.44
448.137	0.442
448.311	0.444
448.487	0.446
448.66	0.448
448.833	0.45
449.006	0.452
449.178	0.454
449.351	0.456
449.523	0.458
449.696	0.46
449.869	0.462
450.042	0.464
450.216	0.466
450.391	0.468
450.566	0.47
450.741	0.472
450.916	0.474
451.091	0.476
451.266	0.478
451.441	0.48
451.616	0.482
451.791	0.484
451.967	0.486
452.143	0.488
452.32	0.49
452.496	0.492
452.673	0.494
452.851	0.496
453.029	0.498
453.207	0.5
453.386	0.502
453.565	0.504
453.744	0.506
453.924	0.508
454.104	0.51
454.285	0.512
454.465	0.514
454.647	0.516
454.829	0.518
455.011	0.52
455.193	0.522
455.376	0.524
455.56	0.526
455.743	0.528
455.927	0.53
456.111	0.532
456.296	0.534
456.48	0.536
456.665	0.538
456.851	0.54
457.036	0.542
457.222	0.544
457.408	0.546
457.594	0.548
457.781	0.55
457.968	0.552
458.155	0.554
458.343	0.556
458.531	0.558
458.719	0.56
458.908	0.562
459.097	0.564
459.286	0.566
459.475	0.568
459.665	0.57
459.855	0.572
460.046	0.574
460.237	0.576
460.428	0.578
460.62	0.58
460.812	0.582
461.004	0.584
461.197	0.586
461.391	0.588
461.585	0.59
461.78	0.592
461.975	0.594
462.171	0.596
462.367	0.598
462.564	0.6
462.761	0.602
462.959	0.604
463.157	0.606
463.356	0.608
463.555	0.61
463.755	0.612
463.956	0.614
464.158	0.616
464.36	0.618
464.563	0.62
464.766	0.622
464.971	0.624
465.176	0.626
465.381	0.628
465.588	0.63
465.795	0.632
466.003	0.634
466.212	0.636
466.422	0.638
466.632	0.64
466.843	0.642
467.054	0.644
467.267	0.646
467.48	0.648
467.694	0.65
467.909	0.652
468.125	0.654
468.341	0.656
468.558	0.658
468.776	0.66
468.995	0.662
469.214	0.664
469.436	0.666
469.657	0.668
469.88	0.67
470.103	0.672
470.329	0.674
470.554	0.676
470.781	0.678
471.009	0.68
471.238	0.682
471.468	0.684
471.699	0.686
471.931	0.688
472.164	0.69
472.398	0.692
472.633	0.694
472.87	0.696
473.106	0.698
473.345	0.7
473.584	0.702
473.825	0.704
474.067	0.706
474.31	0.708
474.554	0.71
474.8	0.712
475.047	0.714
475.295	0.716
475.545	0.718
475.797	0.72
476.05	0.722
476.304	0.724
476.56	0.726
476.817	0.728
477.075	0.73
477.335	0.732
477.595	0.734
477.857	0.736
478.12	0.738
478.385	0.74
478.65	0.742
478.918	0.744
479.186	0.746
479.456	0.748
479.727	0.75
479.999	0.752
480.273	0.754
480.548	0.756
480.825	0.758
481.103	0.76
481.382	0.762
481.663	0.764
481.946	0.766
482.23	0.768
482.515	0.77
482.802	0.772
483.091	0.774
483.381	0.776
483.673	0.778
483.966	0.78
484.261	0.782
484.558	0.784
484.856	0.786
485.156	0.788
485.458	0.79
485.761	0.792
486.067	0.794
486.374	0.796
486.683	0.798
486.994	0.8
487.307	0.802
487.622	0.804
487.939	0.806
488.259	0.808
488.58	0.81
488.904	0.812
489.23	0.814
489.559	0.816
489.89	0.818
490.224	0.82
490.56	0.822
490.899	0.824
491.241	0.826
491.586	0.828
491.935	0.83
492.286	0.832
492.641	0.834
492.999	0.836
493.36	0.838
493.726	0.84
494.095	0.842
494.468	0.844
494.845	0.846
495.225	0.848
495.609	0.85
495.997	0.852
496.388	0.854
496.783	0.856
497.182	0.858
497.584	0.86
497.991	0.862
498.405	0.864
498.826	0.866
499.257	0.868
499.695	0.87
500.139	0.872
500.59	0.874
501.046	0.876
501.508	0.878
501.976	0.88
502.451	0.882
502.931	0.884
503.417	0.886
503.909	0.888
504.407	0.89
504.911	0.892
505.422	0.894
505.939	0.896
506.465	0.898
506.997	0.9
507.537	0.902
508.085	0.904
508.642	0.906
509.207	0.908
509.78	0.91
510.364	0.912
510.957	0.914
511.561	0.916
512.176	0.918
512.803	0.92
513.446	0.922
514.102	0.924
514.777	0.926
515.468	0.928
516.179	0.93
516.911	0.932
517.661	0.934
518.43	0.936
519.22	0.938
520.032	0.94
520.867	0.942
521.728	0.944
522.618	0.946
523.54	0.948
524.492	0.95
525.474	0.952
526.487	0.954
527.535	0.956
528.622	0.958
529.753	0.96
530.93	0.962
532.154	0.964
533.428	0.966
534.76	0.968
536.159	0.97
537.637	0.972
539.206	0.974
540.879	0.976
542.666	0.978
544.59	0.98
546.691	0.982
549.026	0.984
551.617	0.986
554.455	0.988
557.624	0.99
561.282	0.992
565.726	0.994
571.252	0.996
579.106	0.998
600.85	1
